steer_threshold: 0.5
throttle_threshold: 0.5
steer_weights:
  speed_ms: -0.42471274733543396
  lateral_offset_m: 1.8747178316116333
  vertical_offset_m: -1.7044532299041748
  yaw_error_rad: -0.6228910684585571
  pitch_rad: 1.7239962816238403
  roll_rad: -2.041497230529785
  track_progress: 0.8393524885177612
  turning_rate: 0.31381499767303467
  wheel_0_contact: 2.4243674278259277
  wheel_1_contact: 0.040809959173202515
  wheel_2_contact: 0.42054760456085205
  wheel_3_contact: 0.44529905915260315
  angular_vel_x: -0.9055961966514587
  angular_vel_y: 0.7061215043067932
  angular_vel_z: 0.40986311435699463
  lidar_0: -0.16532795131206512
  lidar_1: 1.788977026939392
  lidar_2: 0.4545678496360779
  lidar_3: 1.8247520923614502
  lidar_4: 1.3009494543075562
  lidar_5: -1.1506752967834473
  lidar_6: 0.11162380129098892
  lidar_7: -1.2657533884048462
throttle_weights:
  speed_ms: -0.31144827604293823
  lateral_offset_m: 0.4321325421333313
  vertical_offset_m: -0.3888288736343384
  yaw_error_rad: 0.5926492214202881
  pitch_rad: -0.7016796469688416
  roll_rad: 1.6005104780197144
  track_progress: 0.5721014738082886
  turning_rate: 0.2308308482170105
  wheel_0_contact: -0.46272557973861694
  wheel_1_contact: 0.4118216335773468
  wheel_2_contact: -0.16432994604110718
  wheel_3_contact: 0.8336294889450073
  angular_vel_x: 0.8674283623695374
  angular_vel_y: -0.550072193145752
  angular_vel_z: 0.7539582252502441
  lidar_0: -0.034640032798051834
  lidar_1: 0.3652808666229248
  lidar_2: -0.20671552419662476
  lidar_3: 1.4129472970962524
  lidar_4: 1.864911437034607
  lidar_5: 0.40117979049682617
  lidar_6: -0.8459905385971069
  lidar_7: 1.3484400510787964
